0 1
0 16
0 17
0 18
1 2
1 4
1 8
2 3
2 19
4 5
4 9
4 10
5 6
5 11
5 12
6 7
7 13
7 14
7 15
19 20
19 28
20 21
20 23
20 29
21 22
21 41
23 24
23 30
23 31
24 25
24 32
24 33
25 26
25 34
25 35
26 27
26 36
26 37
27 38
27 39
27 40
41 42
41 52
42 43
42 45
42 53
43 44
43 65
45 46
45 54
45 55
46 47
46 56
46 57
47 48
47 58
47 59
48 49
48 60
49 50
49 51
50 61
50 62
51 63
51 64
65 66
65 70
66 67
66 69
66 71
67 68
67 75
69 72
69 73
69 74
75 76
75 84
76 77
76 79
76 85
77 78
77 97
79 80
79 86
79 87
80 81
80 88
80 89
81 82
81 90
81 91
82 83
82 92
82 93
83 94
83 95
83 96
97 98
97 104
98 99
98 101
98 105
99 100
99 111
101 102
101 103
101 106
102 108
102 109
102 110
103 107
111 112
111 119
112 113
112 115
112 120
113 114
113 130
115 116
115 117
115 121
116 118
116 122
116 123
117 124
117 125
117 126
118 127
118 128
118 129
130 131
130 142
131 132
131 134
131 143
132 133
132 151
134 135
134 144
134 145
135 136
135 137
136 138
136 146
137 139
137 147
138 140
138 148
139 140
139 149
140 141
141 150
151 152
151 158
152 153
152 155
152 159
153 154
153 165
155 156
155 157
155 160
156 162
156 163
156 164
157 161
165 166
165 174
166 167
166 169
166 175
167 168
167 187
169 170
169 176
169 177
170 171
170 178
170 179
171 172
171 180
171 181
172 173
172 182
172 183
173 184
173 185
173 186
187 188
187 198
188 189
188 191
188 199
189 190
189 211
191 192
191 200
191 201
192 193
192 202
192 203
193 194
193 204
193 205
194 195
194 206
195 196
195 197
196 207
196 208
197 209
197 210
211 212
211 218
212 213
212 215
212 219
213 214
213 227
215 216
215 217
215 220
216 221
216 222
216 223
217 224
217 225
217 226
227 228
227 232
228 229
228 231
228 233
229 230
229 237
231 234
231 235
231 236
237 238
237 241
238 239
238 242
238 243
239 240
239 244
244 245
244 255
245 246
245 248
245 256
246 247
246 264
248 249
248 257
248 258
249 250
249 251
250 252
250 259
251 253
251 260
252 254
252 261
253 254
253 262
254 263
264 265
264 269
265 266
265 268
265 270
266 267
266 274
268 271
268 272
268 273
274 275
274 283
275 276
275 278
275 284
276 277
276 296
278 279
278 285
278 286
279 280
279 287
279 288
280 281
280 289
280 290
281 282
281 291
281 292
282 293
282 294
282 295
296 297
296 305
297 298
297 300
297 306
298 299
298 318
300 301
300 307
300 308
301 302
301 309
301 310
302 303
302 311
302 312
303 304
303 313
303 314
304 315
304 316
304 317
318 319
318 329
319 320
319 322
319 330
320 321
320 342
322 323
322 331
322 332
323 324
323 333
323 334
324 325
324 335
324 336
325 326
325 337
326 327
326 328
327 338
327 339
328 340
328 341
342 343
342 354
343 344
343 346
343 355
344 345
344 353
346 347
346 356
346 357
347 348
347 358
347 359
348 349
348 360
348 361
349 350
349 362
350 351
350 352
351 363
351 364
352 365
352 366
0 1 2
0 1 4
0 1 8
1 0 16
1 0 17
1 0 18
1 2 3
1 2 19
1 4 5
1 4 9
1 4 10
2 1 4
2 1 8
2 19 20
2 19 28
3 2 19
4 1 8
4 5 6
4 5 11
4 5 12
5 4 9
5 4 10
5 6 7
6 5 11
6 5 12
6 7 13
6 7 14
6 7 15
9 4 10
11 5 12
13 7 14
13 7 15
14 7 15
16 0 17
16 0 18
17 0 18
19 20 21
19 20 23
19 20 29
20 19 28
20 21 22
20 21 41
20 23 24
20 23 30
20 23 31
21 20 23
21 20 29
21 41 42
21 41 52
22 21 41
23 20 29
23 24 25
23 24 32
23 24 33
24 23 30
24 23 31
24 25 26
24 25 34
24 25 35
25 24 32
25 24 33
25 26 27
25 26 36
25 26 37
26 25 34
26 25 35
26 27 38
26 27 39
26 27 40
27 26 36
27 26 37
30 23 31
32 24 33
34 25 35
36 26 37
38 27 39
38 27 40
39 27 40
41 42 43
41 42 45
41 42 53
42 41 52
42 43 44
42 43 65
42 45 46
42 45 54
42 45 55
43 42 45
43 42 53
43 65 66
43 65 70
44 43 65
45 42 53
45 46 47
45 46 56
45 46 57
46 45 54
46 45 55
46 47 48
46 47 58
46 47 59
47 46 56
47 46 57
47 48 49
47 48 60
48 47 58
48 47 59
48 49 50
48 49 51
49 48 60
49 50 61
49 50 62
49 51 63
49 51 64
50 49 51
54 45 55
56 46 57
58 47 59
61 50 62
63 51 64
65 66 67
65 66 69
65 66 71
66 65 70
66 67 68
66 67 75
66 69 72
66 69 73
66 69 74
67 66 69
67 66 71
67 75 76
67 75 84
68 67 75
69 66 71
72 69 73
72 69 74
73 69 74
75 76 77
75 76 79
75 76 85
76 75 84
76 77 78
76 77 97
76 79 80
76 79 86
76 79 87
77 76 79
77 76 85
77 97 98
77 97 104
78 77 97
79 76 85
79 80 81
79 80 88
79 80 89
80 79 86
80 79 87
80 81 82
80 81 90
80 81 91
81 80 88
81 80 89
81 82 83
81 82 92
81 82 93
82 81 90
82 81 91
82 83 94
82 83 95
82 83 96
83 82 92
83 82 93
86 79 87
88 80 89
90 81 91
92 82 93
94 83 95
94 83 96
95 83 96
97 98 99
97 98 101
97 98 105
98 97 104
98 99 100
98 99 111
98 101 102
98 101 103
98 101 106
99 98 101
99 98 105
99 111 112
99 111 119
100 99 111
101 98 105
101 102 108
101 102 109
101 102 110
101 103 107
102 101 103
102 101 106
103 101 106
108 102 109
108 102 110
109 102 110
111 112 113
111 112 115
111 112 120
112 111 119
112 113 114
112 113 130
112 115 116
112 115 117
112 115 121
113 112 115
113 112 120
113 130 131
113 130 142
114 113 130
115 112 120
115 116 118
115 116 122
115 116 123
115 117 124
115 117 125
115 117 126
116 115 117
116 115 121
116 118 127
116 118 128
116 118 129
117 115 121
118 116 122
118 116 123
122 116 123
124 117 125
124 117 126
125 117 126
127 118 128
127 118 129
128 118 129
130 131 132
130 131 134
130 131 143
131 130 142
131 132 133
131 132 151
131 134 135
131 134 144
131 134 145
132 131 134
132 131 143
132 151 152
132 151 158
133 132 151
134 131 143
134 135 136
134 135 137
135 134 144
135 134 145
135 136 138
135 136 146
135 137 139
135 137 147
136 135 137
136 138 140
136 138 148
137 139 140
137 139 149
138 136 146
138 140 139
138 140 141
139 137 147
139 140 141
140 138 148
140 139 149
140 141 150
144 134 145
151 152 153
151 152 155
151 152 159
152 151 158
152 153 154
152 153 165
152 155 156
152 155 157
152 155 160
153 152 155
153 152 159
153 165 166
153 165 174
154 153 165
155 152 159
155 156 162
155 156 163
155 156 164
155 157 161
156 155 157
156 155 160
157 155 160
162 156 163
162 156 164
163 156 164
165 166 167
165 166 169
165 166 175
166 165 174
166 167 168
166 167 187
166 169 170
166 169 176
166 169 177
167 166 169
167 166 175
167 187 188
167 187 198
168 167 187
169 166 175
169 170 171
169 170 178
169 170 179
170 169 176
170 169 177
170 171 172
170 171 180
170 171 181
171 170 178
171 170 179
171 172 173
171 172 182
171 172 183
172 171 180
172 171 181
172 173 184
172 173 185
172 173 186
173 172 182
173 172 183
176 169 177
178 170 179
180 171 181
182 172 183
184 173 185
184 173 186
185 173 186
187 188 189
187 188 191
187 188 199
188 187 198
188 189 190
188 189 211
188 191 192
188 191 200
188 191 201
189 188 191
189 188 199
189 211 212
189 211 218
190 189 211
191 188 199
191 192 193
191 192 202
191 192 203
192 191 200
192 191 201
192 193 194
192 193 204
192 193 205
193 192 202
193 192 203
193 194 195
193 194 206
194 193 204
194 193 205
194 195 196
194 195 197
195 194 206
195 196 207
195 196 208
195 197 209
195 197 210
196 195 197
200 191 201
202 192 203
204 193 205
207 196 208
209 197 210
211 212 213
211 212 215
211 212 219
212 211 218
212 213 214
212 213 227
212 215 216
212 215 217
212 215 220
213 212 215
213 212 219
213 227 228
213 227 232
214 213 227
215 212 219
215 216 221
215 216 222
215 216 223
215 217 224
215 217 225
215 217 226
216 215 217
216 215 220
217 215 220
221 216 222
221 216 223
222 216 223
224 217 225
224 217 226
225 217 226
227 228 229
227 228 231
227 228 233
228 227 232
228 229 230
228 229 237
228 231 234
228 231 235
228 231 236
229 228 231
229 228 233
229 237 238
229 237 241
230 229 237
231 228 233
234 231 235
234 231 236
235 231 236
237 238 239
237 238 242
237 238 243
238 237 241
238 239 240
238 239 244
239 238 242
239 238 243
239 244 245
239 244 255
240 239 244
242 238 243
244 245 246
244 245 248
244 245 256
245 244 255
245 246 247
245 246 264
245 248 249
245 248 257
245 248 258
246 245 248
246 245 256
246 264 265
246 264 269
247 246 264
248 245 256
248 249 250
248 249 251
249 248 257
249 248 258
249 250 252
249 250 259
249 251 253
249 251 260
250 249 251
250 252 254
250 252 261
251 253 254
251 253 262
252 250 259
252 254 253
252 254 263
253 251 260
253 254 263
254 252 261
254 253 262
257 248 258
264 265 266
264 265 268
264 265 270
265 264 269
265 266 267
265 266 274
265 268 271
265 268 272
265 268 273
266 265 268
266 265 270
266 274 275
266 274 283
267 266 274
268 265 270
271 268 272
271 268 273
272 268 273
274 275 276
274 275 278
274 275 284
275 274 283
275 276 277
275 276 296
275 278 279
275 278 285
275 278 286
276 275 278
276 275 284
276 296 297
276 296 305
277 276 296
278 275 284
278 279 280
278 279 287
278 279 288
279 278 285
279 278 286
279 280 281
279 280 289
279 280 290
280 279 287
280 279 288
280 281 282
280 281 291
280 281 292
281 280 289
281 280 290
281 282 293
281 282 294
281 282 295
282 281 291
282 281 292
285 278 286
287 279 288
289 280 290
291 281 292
293 282 294
293 282 295
294 282 295
296 297 298
296 297 300
296 297 306
297 296 305
297 298 299
297 298 318
297 300 301
297 300 307
297 300 308
298 297 300
298 297 306
298 318 319
298 318 329
299 298 318
300 297 306
300 301 302
300 301 309
300 301 310
301 300 307
301 300 308
301 302 303
301 302 311
301 302 312
302 301 309
302 301 310
302 303 304
302 303 313
302 303 314
303 302 311
303 302 312
303 304 315
303 304 316
303 304 317
304 303 313
304 303 314
307 300 308
309 301 310
311 302 312
313 303 314
315 304 316
315 304 317
316 304 317
318 319 320
318 319 322
318 319 330
319 318 329
319 320 321
319 320 342
319 322 323
319 322 331
319 322 332
320 319 322
320 319 330
320 342 343
320 342 354
321 320 342
322 319 330
322 323 324
322 323 333
322 323 334
323 322 331
323 322 332
323 324 325
323 324 335
323 324 336
324 323 333
324 323 334
324 325 326
324 325 337
325 324 335
325 324 336
325 326 327
325 326 328
326 325 337
326 327 338
326 327 339
326 328 340
326 328 341
327 326 328
331 322 332
333 323 334
335 324 336
338 327 339
340 328 341
342 343 344
342 343 346
342 343 355
343 342 354
343 344 345
343 344 353
343 346 347
343 346 356
343 346 357
344 343 346
344 343 355
345 344 353
346 343 355
346 347 348
346 347 358
346 347 359
347 346 356
347 346 357
347 348 349
347 348 360
347 348 361
348 347 358
348 347 359
348 349 350
348 349 362
349 348 360
349 348 361
349 350 351
349 350 352
350 349 362
350 351 363
350 351 364
350 352 365
350 352 366
351 350 352
356 346 357
358 347 359
360 348 361
363 351 364
365 352 366
0 1 2 3
0 1 2 19
0 1 4 5
0 1 4 9
0 1 4 10
1 2 19 20
1 2 19 28
1 4 5 6
1 4 5 11
1 4 5 12
2 1 0 16
2 1 0 17
2 1 0 18
2 1 4 5
2 1 4 9
2 1 4 10
2 19 20 21
2 19 20 23
2 19 20 29
3 2 1 4
3 2 1 8
3 2 19 20
3 2 19 28
4 1 0 16
4 1 0 17
4 1 0 18
4 1 2 19
4 5 6 7
5 4 1 8
5 6 7 13
5 6 7 14
5 6 7 15
6 5 4 9
6 5 4 10
7 6 5 11
7 6 5 12
8 1 0 16
8 1 0 17
8 1 0 18
8 1 2 19
8 1 4 9
8 1 4 10
9 4 5 11
9 4 5 12
10 4 5 11
10 4 5 12
19 20 21 22
19 20 21 41
19 20 23 24
19 20 23 30
19 20 23 31
20 21 41 42
20 21 41 52
20 23 24 25
20 23 24 32
20 23 24 33
21 20 19 28
21 20 23 24
21 20 23 30
21 20 23 31
21 41 42 43
21 41 42 45
21 41 42 53
22 21 20 23
22 21 20 29
22 21 41 42
22 21 41 52
23 20 19 28
23 20 21 41
23 24 25 26
23 24 25 34
23 24 25 35
24 23 20 29
24 25 26 27
24 25 26 36
24 25 26 37
25 24 23 30
25 24 23 31
25 26 27 38
25 26 27 39
25 26 27 40
26 25 24 32
26 25 24 33
27 26 25 34
27 26 25 35
28 19 20 29
29 20 21 41
29 20 23 30
29 20 23 31
30 23 24 32
30 23 24 33
31 23 24 32
31 23 24 33
32 24 25 34
32 24 25 35
33 24 25 34
33 24 25 35
34 25 26 36
34 25 26 37
35 25 26 36
35 25 26 37
36 26 27 38
36 26 27 39
36 26 27 40
37 26 27 38
37 26 27 39
37 26 27 40
41 42 43 44
41 42 43 65
41 42 45 46
41 42 45 54
41 42 45 55
42 43 65 66
42 43 65 70
42 45 46 47
42 45 46 56
42 45 46 57
43 42 41 52
43 42 45 46
43 42 45 54
43 42 45 55
43 65 66 67
43 65 66 69
43 65 66 71
44 43 42 45
44 43 42 53
44 43 65 66
44 43 65 70
45 42 41 52
45 42 43 65
45 46 47 48
45 46 47 58
45 46 47 59
46 45 42 53
46 47 48 49
46 47 48 60
47 46 45 54
47 46 45 55
47 48 49 50
47 48 49 51
48 47 46 56
48 47 46 57
48 49 50 61
48 49 50 62
48 49 51 63
48 49 51 64
49 48 47 58
49 48 47 59
50 49 48 60
50 49 51 63
50 49 51 64
51 49 48 60
51 49 50 61
51 49 50 62
52 41 42 53
53 42 43 65
53 42 45 54
53 42 45 55
54 45 46 56
54 45 46 57
55 45 46 56
55 45 46 57
56 46 47 58
56 46 47 59
57 46 47 58
57 46 47 59
58 47 48 60
59 47 48 60
65 66 67 68
65 66 67 75
65 66 69 72
65 66 69 73
65 66 69 74
66 67 75 76
66 67 75 84
67 66 65 70
67 66 69 72
67 66 69 73
67 66 69 74
67 75 76 77
67 75 76 79
67 75 76 85
68 67 66 69
68 67 66 71
68 67 75 76
68 67 75 84
69 66 65 70
69 66 67 75
70 65 66 71
71 66 67 75
71 66 69 72
71 66 69 73
71 66 69 74
75 76 77 78
75 76 77 97
75 76 79 80
75 76 79 86
75 76 79 87
76 77 97 98
76 77 97 104
76 79 80 81
76 79 80 88
76 79 80 89
77 76 75 84
77 76 79 80
77 76 79 86
77 76 79 87
77 97 98 99
77 97 98 101
77 97 98 105
78 77 76 79
78 77 76 85
78 77 97 98
78 77 97 104
79 76 75 84
79 76 77 97
79 80 81 82
79 80 81 90
79 80 81 91
80 79 76 85
80 81 82 83
80 81 82 92
80 81 82 93
81 80 79 86
81 80 79 87
81 82 83 94
81 82 83 95
81 82 83 96
82 81 80 88
82 81 80 89
83 82 81 90
83 82 81 91
84 75 76 85
85 76 77 97
85 76 79 86
85 76 79 87
86 79 80 88
86 79 80 89
87 79 80 88
87 79 80 89
88 80 81 90
88 80 81 91
89 80 81 90
89 80 81 91
90 81 82 92
90 81 82 93
91 81 82 92
91 81 82 93
92 82 83 94
92 82 83 95
92 82 83 96
93 82 83 94
93 82 83 95
93 82 83 96
97 98 99 100
97 98 99 111
97 98 101 102
97 98 101 103
97 98 101 106
98 99 111 112
98 99 111 119
98 101 102 108
98 101 102 109
98 101 102 110
98 101 103 107
99 98 97 104
99 98 101 102
99 98 101 103
99 98 101 106
99 111 112 113
99 111 112 115
99 111 112 120
100 99 98 101
100 99 98 105
100 99 111 112
100 99 111 119
101 98 97 104
101 98 99 111
102 101 98 105
102 101 103 107
103 101 98 105
103 101 102 108
103 101 102 109
103 101 102 110
104 97 98 105
105 98 99 111
105 98 101 106
106 101 102 108
106 101 102 109
106 101 102 110
106 101 103 107
111 112 113 114
111 112 113 130
111 112 115 116
111 112 115 117
111 112 115 121
112 113 130 131
112 113 130 142
112 115 116 118
112 115 116 122
112 115 116 123
112 115 117 124
112 115 117 125
112 115 117 126
113 112 111 119
113 112 115 116
113 112 115 117
113 112 115 121
113 130 131 132
113 130 131 134
113 130 131 143
114 113 112 115
114 113 112 120
114 113 130 131
114 113 130 142
115 112 111 119
115 112 113 130
115 116 118 127
115 116 118 128
115 116 118 129
116 115 112 120
116 115 117 124
116 115 117 125
116 115 117 126
117 115 112 120
117 115 116 118
117 115 116 122
117 115 116 123
118 116 115 121
119 111 112 120
120 112 113 130
120 112 115 121
121 115 116 122
121 115 116 123
121 115 117 124
121 115 117 125
121 115 117 126
122 116 118 127
122 116 118 128
122 116 118 129
123 116 118 127
123 116 118 128
123 116 118 129
130 131 132 133
130 131 132 151
130 131 134 135
130 131 134 144
130 131 134 145
131 132 151 152
131 132 151 158
131 134 135 136
131 134 135 137
132 131 130 142
132 131 134 135
132 131 134 144
132 131 134 145
132 151 152 153
132 151 152 155
132 151 152 159
133 132 131 134
133 132 131 143
133 132 151 152
133 132 151 158
134 131 130 142
134 131 132 151
134 135 136 138
134 135 136 146
134 135 137 139
134 135 137 147
135 134 131 143
135 136 138 140
135 136 138 148
135 137 139 140
135 137 139 149
136 135 134 144
136 135 134 145
136 135 137 139
136 135 137 147
136 138 140 139
136 138 140 141
137 135 134 144
137 135 134 145
137 135 136 138
137 135 136 146
137 139 140 138
137 139 140 141
138 140 139 149
138 140 141 150
139 140 138 148
139 140 141 150
140 138 136 146
140 139 137 147
141 140 138 148
141 140 139 149
142 130 131 143
143 131 132 151
143 131 134 144
143 131 134 145
146 136 138 148
147 137 139 149
151 152 153 154
151 152 153 165
151 152 155 156
151 152 155 157
151 152 155 160
152 153 165 166
152 153 165 174
152 155 156 162
152 155 156 163
152 155 156 164
152 155 157 161
153 152 151 158
153 152 155 156
153 152 155 157
153 152 155 160
153 165 166 167
153 165 166 169
153 165 166 175
154 153 152 155
154 153 152 159
154 153 165 166
154 153 165 174
155 152 151 158
155 152 153 165
156 155 152 159
156 155 157 161
157 155 152 159
157 155 156 162
157 155 156 163
157 155 156 164
158 151 152 159
159 152 153 165
159 152 155 160
160 155 156 162
160 155 156 163
160 155 156 164
160 155 157 161
165 166 167 168
165 166 167 187
165 166 169 170
165 166 169 176
165 166 169 177
166 167 187 188
166 167 187 198
166 169 170 171
166 169 170 178
166 169 170 179
167 166 165 174
167 166 169 170
167 166 169 176
167 166 169 177
167 187 188 189
167 187 188 191
167 187 188 199
168 167 166 169
168 167 166 175
168 167 187 188
168 167 187 198
169 166 165 174
169 166 167 187
169 170 171 172
169 170 171 180
169 170 171 181
170 169 166 175
170 171 172 173
170 171 172 182
170 171 172 183
171 170 169 176
171 170 169 177
171 172 173 184
171 172 173 185
171 172 173 186
172 171 170 178
172 171 170 179
173 172 171 180
173 172 171 181
174 165 166 175
175 166 167 187
175 166 169 176
175 166 169 177
176 169 170 178
176 169 170 179
177 169 170 178
177 169 170 179
178 170 171 180
178 170 171 181
179 170 171 180
179 170 171 181
180 171 172 182
180 171 172 183
181 171 172 182
181 171 172 183
182 172 173 184
182 172 173 185
182 172 173 186
183 172 173 184
183 172 173 185
183 172 173 186
187 188 189 190
187 188 189 211
187 188 191 192
187 188 191 200
187 188 191 201
188 189 211 212
188 189 211 218
188 191 192 193
188 191 192 202
188 191 192 203
189 188 187 198
189 188 191 192
189 188 191 200
189 188 191 201
189 211 212 213
189 211 212 215
189 211 212 219
190 189 188 191
190 189 188 199
190 189 211 212
190 189 211 218
191 188 187 198
191 188 189 211
191 192 193 194
191 192 193 204
191 192 193 205
192 191 188 199
192 193 194 195
192 193 194 206
193 192 191 200
193 192 191 201
193 194 195 196
193 194 195 197
194 193 192 202
194 193 192 203
194 195 196 207
194 195 196 208
194 195 197 209
194 195 197 210
195 194 193 204
195 194 193 205
196 195 194 206
196 195 197 209
196 195 197 210
197 195 194 206
197 195 196 207
197 195 196 208
198 187 188 199
199 188 189 211
199 188 191 200
199 188 191 201
200 191 192 202
200 191 192 203
201 191 192 202
201 191 192 203
202 192 193 204
202 192 193 205
203 192 193 204
203 192 193 205
204 193 194 206
205 193 194 206
211 212 213 214
211 212 213 227
211 212 215 216
211 212 215 217
211 212 215 220
212 213 227 228
212 213 227 232
212 215 216 221
212 215 216 222
212 215 216 223
212 215 217 224
212 215 217 225
212 215 217 226
213 212 211 218
213 212 215 216
213 212 215 217
213 212 215 220
213 227 228 229
213 227 228 231
213 227 228 233
214 213 212 215
214 213 212 219
214 213 227 228
214 213 227 232
215 212 211 218
215 212 213 227
216 215 212 219
216 215 217 224
216 215 217 225
216 215 217 226
217 215 212 219
217 215 216 221
217 215 216 222
217 215 216 223
218 211 212 219
219 212 213 227
219 212 215 220
220 215 216 221
220 215 216 222
220 215 216 223
220 215 217 224
220 215 217 225
220 215 217 226
227 228 229 230
227 228 229 237
227 228 231 234
227 228 231 235
227 228 231 236
228 229 237 238
228 229 237 241
229 228 227 232
229 228 231 234
229 228 231 235
229 228 231 236
229 237 238 239
229 237 238 242
229 237 238 243
230 229 228 231
230 229 228 233
230 229 237 238
230 229 237 241
231 228 227 232
231 228 229 237
232 227 228 233
233 228 229 237
233 228 231 234
233 228 231 235
233 228 231 236
237 238 239 240
237 238 239 244
238 239 244 245
238 239 244 255
239 238 237 241
239 244 245 246
239 244 245 248
239 244 245 256
240 239 238 242
240 239 238 243
240 239 244 245
240 239 244 255
241 237 238 242
241 237 238 243
242 238 239 244
243 238 239 244
244 245 246 247
244 245 246 264
244 245 248 249
244 245 248 257
244 245 248 258
245 246 264 265
245 246 264 269
245 248 249 250
245 248 249 251
246 245 244 255
246 245 248 249
246 245 248 257
246 245 248 258
246 264 265 266
246 264 265 268
246 264 265 270
247 246 245 248
247 246 245 256
247 246 264 265
247 246 264 269
248 245 244 255
248 245 246 264
248 249 250 252
248 249 250 259
248 249 251 253
248 249 251 260
249 248 245 256
249 250 252 254
249 250 252 261
249 251 253 254
249 251 253 262
250 249 248 257
250 249 248 258
250 249 251 253
250 249 251 260
250 252 254 253
250 252 254 263
251 249 248 257
251 249 248 258
251 249 250 252
251 249 250 259
251 253 254 252
251 253 254 263
252 254 253 262
253 254 252 261
254 252 250 259
254 253 251 260
255 244 245 256
256 245 246 264
256 245 248 257
256 245 248 258
259 250 252 261
260 251 253 262
261 252 254 263
262 253 254 263
264 265 266 267
264 265 266 274
264 265 268 271
264 265 268 272
264 265 268 273
265 266 274 275
265 266 274 283
266 265 264 269
266 265 268 271
266 265 268 272
266 265 268 273
266 274 275 276
266 274 275 278
266 274 275 284
267 266 265 268
267 266 265 270
267 266 274 275
267 266 274 283
268 265 264 269
268 265 266 274
269 264 265 270
270 265 266 274
270 265 268 271
270 265 268 272
270 265 268 273
274 275 276 277
274 275 276 296
274 275 278 279
274 275 278 285
274 275 278 286
275 276 296 297
275 276 296 305
275 278 279 280
275 278 279 287
275 278 279 288
276 275 274 283
276 275 278 279
276 275 278 285
276 275 278 286
276 296 297 298
276 296 297 300
276 296 297 306
277 276 275 278
277 276 275 284
277 276 296 297
277 276 296 305
278 275 274 283
278 275 276 296
278 279 280 281
278 279 280 289
278 279 280 290
279 278 275 284
279 280 281 282
279 280 281 291
279 280 281 292
280 279 278 285
280 279 278 286
280 281 282 293
280 281 282 294
280 281 282 295
281 280 279 287
281 280 279 288
282 281 280 289
282 281 280 290
283 274 275 284
284 275 276 296
284 275 278 285
284 275 278 286
285 278 279 287
285 278 279 288
286 278 279 287
286 278 279 288
287 279 280 289
287 279 280 290
288 279 280 289
288 279 280 290
289 280 281 291
289 280 281 292
290 280 281 291
290 280 281 292
291 281 282 293
291 281 282 294
291 281 282 295
292 281 282 293
292 281 282 294
292 281 282 295
296 297 298 299
296 297 298 318
296 297 300 301
296 297 300 307
296 297 300 308
297 298 318 319
297 298 318 329
297 300 301 302
297 300 301 309
297 300 301 310
298 297 296 305
298 297 300 301
298 297 300 307
298 297 300 308
298 318 319 320
298 318 319 322
298 318 319 330
299 298 297 300
299 298 297 306
299 298 318 319
299 298 318 329
300 297 296 305
300 297 298 318
300 301 302 303
300 301 302 311
300 301 302 312
301 300 297 306
301 302 303 304
301 302 303 313
301 302 303 314
302 301 300 307
302 301 300 308
302 303 304 315
302 303 304 316
302 303 304 317
303 302 301 309
303 302 301 310
304 303 302 311
304 303 302 312
305 296 297 306
306 297 298 318
306 297 300 307
306 297 300 308
307 300 301 309
307 300 301 310
308 300 301 309
308 300 301 310
309 301 302 311
309 301 302 312
310 301 302 311
310 301 302 312
311 302 303 313
311 302 303 314
312 302 303 313
312 302 303 314
313 303 304 315
313 303 304 316
313 303 304 317
314 303 304 315
314 303 304 316
314 303 304 317
318 319 320 321
318 319 320 342
318 319 322 323
318 319 322 331
318 319 322 332
319 320 342 343
319 320 342 354
319 322 323 324
319 322 323 333
319 322 323 334
320 319 318 329
320 319 322 323
320 319 322 331
320 319 322 332
320 342 343 344
320 342 343 346
320 342 343 355
321 320 319 322
321 320 319 330
321 320 342 343
321 320 342 354
322 319 318 329
322 319 320 342
322 323 324 325
322 323 324 335
322 323 324 336
323 322 319 330
323 324 325 326
323 324 325 337
324 323 322 331
324 323 322 332
324 325 326 327
324 325 326 328
325 324 323 333
325 324 323 334
325 326 327 338
325 326 327 339
325 326 328 340
325 326 328 341
326 325 324 335
326 325 324 336
327 326 325 337
327 326 328 340
327 326 328 341
328 326 325 337
328 326 327 338
328 326 327 339
329 318 319 330
330 319 320 342
330 319 322 331
330 319 322 332
331 322 323 333
331 322 323 334
332 322 323 333
332 322 323 334
333 323 324 335
333 323 324 336
334 323 324 335
334 323 324 336
335 324 325 337
336 324 325 337
342 343 344 345
342 343 344 353
342 343 346 347
342 343 346 356
342 343 346 357
343 346 347 348
343 346 347 358
343 346 347 359
344 343 342 354
344 343 346 347
344 343 346 356
344 343 346 357
345 344 343 346
345 344 343 355
346 343 342 354
346 343 344 353
346 347 348 349
346 347 348 360
346 347 348 361
347 346 343 355
347 348 349 350
347 348 349 362
348 347 346 356
348 347 346 357
348 349 350 351
348 349 350 352
349 348 347 358
349 348 347 359
349 350 351 363
349 350 351 364
349 350 352 365
349 350 352 366
350 349 348 360
350 349 348 361
351 350 349 362
351 350 352 365
351 350 352 366
352 350 349 362
352 350 351 363
352 350 351 364
353 344 343 355
354 342 343 355
355 343 346 356
355 343 346 357
356 346 347 358
356 346 347 359
357 346 347 358
357 346 347 359
358 347 348 360
358 347 348 361
359 347 348 360
359 347 348 361
360 348 349 362
361 348 349 362
